AgeGroup,TOT_raw,n,perc,cum_per
15.75 to 20.99 years,78,1,3.125,3.125
15.75 to 20.99 years,79,1,3.125,6.25
15.75 to 20.99 years,81,1,3.125,9.375
15.75 to 20.99 years,86,1,3.125,12.5
15.75 to 20.99 years,89,2,6.25,18.75
15.75 to 20.99 years,92,1,3.125,21.875
15.75 to 20.99 years,94,1,3.125,25
15.75 to 20.99 years,97,1,3.125,28.125
15.75 to 20.99 years,98,1,3.125,31.25
15.75 to 20.99 years,99,1,3.125,34.375
15.75 to 20.99 years,101,1,3.125,37.5
15.75 to 20.99 years,103,1,3.125,40.625
15.75 to 20.99 years,105,1,3.125,43.75
15.75 to 20.99 years,109,1,3.125,46.875
15.75 to 20.99 years,114,1,3.125,50
15.75 to 20.99 years,120,1,3.125,53.125
15.75 to 20.99 years,124,1,3.125,56.25
15.75 to 20.99 years,128,1,3.125,59.375
15.75 to 20.99 years,129,1,3.125,62.5
15.75 to 20.99 years,136,1,3.125,65.625
15.75 to 20.99 years,139,1,3.125,68.75
15.75 to 20.99 years,143,1,3.125,71.875
15.75 to 20.99 years,144,2,6.25,78.125
15.75 to 20.99 years,145,1,3.125,81.25
15.75 to 20.99 years,148,1,3.125,84.375
15.75 to 20.99 years,153,1,3.125,87.5
15.75 to 20.99 years,168,1,3.125,90.625
15.75 to 20.99 years,170,1,3.125,93.75
15.75 to 20.99 years,184,1,3.125,96.875
15.75 to 20.99 years,198,1,3.125,100
21.00 to 30.99 years,66,1,2.0408,2.0408
21.00 to 30.99 years,80,1,2.0408,4.0816
21.00 to 30.99 years,81,1,2.0408,6.1224
21.00 to 30.99 years,84,1,2.0408,8.1633
21.00 to 30.99 years,87,1,2.0408,10.2041
21.00 to 30.99 years,88,1,2.0408,12.2449
21.00 to 30.99 years,90,1,2.0408,14.2857
21.00 to 30.99 years,91,1,2.0408,16.3265
21.00 to 30.99 years,92,1,2.0408,18.3673
21.00 to 30.99 years,97,1,2.0408,20.4082
21.00 to 30.99 years,98,1,2.0408,22.449
21.00 to 30.99 years,100,1,2.0408,24.4898
21.00 to 30.99 years,103,1,2.0408,26.5306
21.00 to 30.99 years,106,1,2.0408,28.5714
21.00 to 30.99 years,108,1,2.0408,30.6122
21.00 to 30.99 years,109,1,2.0408,32.6531
21.00 to 30.99 years,111,1,2.0408,34.6939
21.00 to 30.99 years,112,1,2.0408,36.7347
21.00 to 30.99 years,114,1,2.0408,38.7755
21.00 to 30.99 years,117,2,4.0816,42.8571
21.00 to 30.99 years,120,1,2.0408,44.898
21.00 to 30.99 years,124,1,2.0408,46.9388
21.00 to 30.99 years,125,1,2.0408,48.9796
21.00 to 30.99 years,127,1,2.0408,51.0204
21.00 to 30.99 years,128,1,2.0408,53.0612
21.00 to 30.99 years,129,1,2.0408,55.102
21.00 to 30.99 years,131,3,6.1224,61.2245
21.00 to 30.99 years,134,1,2.0408,63.2653
21.00 to 30.99 years,136,2,4.0816,67.3469
21.00 to 30.99 years,138,1,2.0408,69.3878
21.00 to 30.99 years,139,2,4.0816,73.4694
21.00 to 30.99 years,143,2,4.0816,77.551
21.00 to 30.99 years,144,2,4.0816,81.6327
21.00 to 30.99 years,153,2,4.0816,85.7143
21.00 to 30.99 years,155,1,2.0408,87.7551
21.00 to 30.99 years,159,2,4.0816,91.8367
21.00 to 30.99 years,163,1,2.0408,93.8776
21.00 to 30.99 years,168,1,2.0408,95.9184
21.00 to 30.99 years,180,1,2.0408,97.9592
21.00 to 30.99 years,190,1,2.0408,100
31.00 to 40.99 years,68,1,2.9412,2.9412
31.00 to 40.99 years,71,2,5.8824,8.8235
31.00 to 40.99 years,75,2,5.8824,14.7059
31.00 to 40.99 years,77,1,2.9412,17.6471
31.00 to 40.99 years,80,1,2.9412,20.5882
31.00 to 40.99 years,84,1,2.9412,23.5294
31.00 to 40.99 years,85,2,5.8824,29.4118
31.00 to 40.99 years,88,1,2.9412,32.3529
31.00 to 40.99 years,89,2,5.8824,38.2353
31.00 to 40.99 years,92,1,2.9412,41.1765
31.00 to 40.99 years,94,1,2.9412,44.1176
31.00 to 40.99 years,96,1,2.9412,47.0588
31.00 to 40.99 years,99,1,2.9412,50
31.00 to 40.99 years,100,1,2.9412,52.9412
31.00 to 40.99 years,101,2,5.8824,58.8235
31.00 to 40.99 years,102,1,2.9412,61.7647
31.00 to 40.99 years,107,1,2.9412,64.7059
31.00 to 40.99 years,111,3,8.8235,73.5294
31.00 to 40.99 years,113,1,2.9412,76.4706
31.00 to 40.99 years,117,2,5.8824,82.3529
31.00 to 40.99 years,118,1,2.9412,85.2941
31.00 to 40.99 years,120,1,2.9412,88.2353
31.00 to 40.99 years,139,1,2.9412,91.1765
31.00 to 40.99 years,150,1,2.9412,94.1176
31.00 to 40.99 years,154,1,2.9412,97.0588
31.00 to 40.99 years,162,1,2.9412,100
41.00 to 50.99 years,60,1,3.4483,3.4483
41.00 to 50.99 years,72,1,3.4483,6.8966
41.00 to 50.99 years,73,1,3.4483,10.3448
41.00 to 50.99 years,76,1,3.4483,13.7931
41.00 to 50.99 years,79,1,3.4483,17.2414
41.00 to 50.99 years,81,1,3.4483,20.6897
41.00 to 50.99 years,83,1,3.4483,24.1379
41.00 to 50.99 years,88,1,3.4483,27.5862
41.00 to 50.99 years,92,3,10.3448,37.931
41.00 to 50.99 years,98,1,3.4483,41.3793
41.00 to 50.99 years,99,1,3.4483,44.8276
41.00 to 50.99 years,102,2,6.8966,51.7241
41.00 to 50.99 years,105,1,3.4483,55.1724
41.00 to 50.99 years,106,1,3.4483,58.6207
41.00 to 50.99 years,113,1,3.4483,62.069
41.00 to 50.99 years,117,1,3.4483,65.5172
41.00 to 50.99 years,119,1,3.4483,68.9655
41.00 to 50.99 years,125,2,6.8966,75.8621
41.00 to 50.99 years,126,2,6.8966,82.7586
41.00 to 50.99 years,127,1,3.4483,86.2069
41.00 to 50.99 years,130,1,3.4483,89.6552
41.00 to 50.99 years,141,2,6.8966,96.5517
41.00 to 50.99 years,173,1,3.4483,100
51.00 to 64.99 years,68,1,3.0303,3.0303
51.00 to 64.99 years,76,2,6.0606,9.0909
51.00 to 64.99 years,80,2,6.0606,15.1515
51.00 to 64.99 years,81,1,3.0303,18.1818
51.00 to 64.99 years,84,1,3.0303,21.2121
51.00 to 64.99 years,85,1,3.0303,24.2424
51.00 to 64.99 years,87,2,6.0606,30.303
51.00 to 64.99 years,88,2,6.0606,36.3636
51.00 to 64.99 years,89,1,3.0303,39.3939
51.00 to 64.99 years,90,2,6.0606,45.4545
51.00 to 64.99 years,92,1,3.0303,48.4848
51.00 to 64.99 years,95,1,3.0303,51.5152
51.00 to 64.99 years,100,2,6.0606,57.5758
51.00 to 64.99 years,102,1,3.0303,60.6061
51.00 to 64.99 years,104,2,6.0606,66.6667
51.00 to 64.99 years,107,1,3.0303,69.697
51.00 to 64.99 years,111,2,6.0606,75.7576
51.00 to 64.99 years,121,1,3.0303,78.7879
51.00 to 64.99 years,122,1,3.0303,81.8182
51.00 to 64.99 years,123,1,3.0303,84.8485
51.00 to 64.99 years,133,1,3.0303,87.8788
51.00 to 64.99 years,148,1,3.0303,90.9091
51.00 to 64.99 years,154,1,3.0303,93.9394
51.00 to 64.99 years,177,1,3.0303,96.9697
51.00 to 64.99 years,179,1,3.0303,100
65.00 to 99.99 years,71,1,4.7619,4.7619
65.00 to 99.99 years,75,1,4.7619,9.5238
65.00 to 99.99 years,79,1,4.7619,14.2857
65.00 to 99.99 years,82,1,4.7619,19.0476
65.00 to 99.99 years,88,1,4.7619,23.8095
65.00 to 99.99 years,89,1,4.7619,28.5714
65.00 to 99.99 years,90,2,9.5238,38.0952
65.00 to 99.99 years,96,1,4.7619,42.8571
65.00 to 99.99 years,99,1,4.7619,47.619
65.00 to 99.99 years,101,1,4.7619,52.381
65.00 to 99.99 years,106,1,4.7619,57.1429
65.00 to 99.99 years,108,3,14.2857,71.4286
65.00 to 99.99 years,110,1,4.7619,76.1905
65.00 to 99.99 years,112,1,4.7619,80.9524
65.00 to 99.99 years,114,1,4.7619,85.7143
65.00 to 99.99 years,115,1,4.7619,90.4762
65.00 to 99.99 years,118,1,4.7619,95.2381
65.00 to 99.99 years,156,1,4.7619,100
