All_items_Adult_Other <- c("q0014", "q0015", "q0016", "q0022", "q0023", "q0024", "q0025", "q0026", "q0027", "q0028",
                           "q0029", "q0031", "q0033", "q0034", "q0036", "q0037", "q0039", "q0040", "q0041", "q0042", 
                           "q0043", "q0045", "q0046", "q0047", "q0048", "q0050", "q0053", "q0055", "q0056", "q0057", 
                           "q0058", "q0060", "q0061", "q0063", "q0064", "q0065", "q0066", "q0069", "q0071", "q0072", 
                           "q0073", "q0074", "q0075", "q0076", "q0079", "q0080", "q0081", "q0084", "q0086", "q0087", 
                           "q0088", "q0090", "q0091", "q0092", "q0094", "q0095", "q0096", "q0097", "q0099", "q0100", 
                           "q0103", "q0105", "q0107", "q0108", "q0109", "q0110", "q0111", "q0112", "q0113", "q0114",
                           "q0118", "q0119", "q0120", "q0121", "q0122", "q0123", "q0124", "q0125", "q0129", "q0131")

TOT_items_Adult_Other <- c("q0029", "q0031", "q0033", "q0034", "q0036", "q0037", "q0039", "q0040", "q0041", "q0042", 
                           "q0043", "q0045", "q0046", "q0047", "q0048", "q0050", "q0053", "q0055", "q0056", "q0057", 
                           "q0058", "q0060", "q0061", "q0063", "q0064", "q0065", "q0066", "q0069", "q0071", "q0072", 
                           "q0073", "q0074", "q0075", "q0076", "q0079", "q0080", "q0081", "q0084", "q0086", "q0087", 
                           "q0088", "q0090", "q0091", "q0092", "q0094", "q0095", "q0096", "q0097", "q0099", "q0100", 
                           "q0103", "q0105", "q0107", "q0108", "q0109", "q0110", "q0111", "q0112", "q0113", "q0114")

SOC_items_Adult_Other <- c("q0014", "q0015", "q0016", "q0022", "q0023", "q0024", "q0025", "q0026", "q0027", "q0028")

SOC_rev_items_Adult_Other <- c("q0014", "q0015", "q0022", "q0023", "q0024", "q0025", "q0026", "q0027")

VIS_items_Adult_Other <- c("q0029", "q0031", "q0033", "q0034", "q0036", "q0037", "q0039", "q0040", "q0041", "q0042")

HEA_items_Adult_Other <- c("q0043", "q0045", "q0046", "q0047", "q0048", "q0050", "q0053", "q0055", "q0056", "q0057")

TOU_items_Adult_Other <- c("q0058", "q0060", "q0061", "q0063", "q0064", "q0065", "q0066", "q0069", "q0071", "q0072")

TS_items_Adult_Other <- c("q0073", "q0074", "q0075", "q0076", "q0079", "q0080", "q0081", "q0084", "q0086", "q0087")

BOD_items_Adult_Other <- c("q0088", "q0090", "q0091", "q0092", "q0094", "q0095", "q0096", "q0097", "q0099", "q0100")

BAL_items_Adult_Other <- c("q0103", "q0105", "q0107", "q0108", "q0109", "q0110", "q0111", "q0112", "q0113", "q0114")

PLA_items_Adult_Other <- c("q0118", "q0119", "q0120", "q0121", "q0122", "q0123", "q0124", "q0125", "q0129", "q0131")

score_names <- c("TOT", "SOC", "VIS", "HEA", "TOU", "TS", "BOD", "BAL", "PLA")

scale_order <- c("SOC", "VIS", "HEA", "TOU", 
                 "TS", "BOD", "BAL", "PLA", "TOT")

item_vectors <- c('All_items_Adult_Other', 'TOT_items_Adult_Other', 'SOC_items_Adult_Other', 
                  'SOC_rev_items_Adult_Other', 'VIS_items_Adult_Other', 'HEA_items_Adult_Other',
                  'TOU_items_Adult_Other', 'TS_items_Adult_Other', 'BOD_items_Adult_Other',
                  'BAL_items_Adult_Other', 'PLA_items_Adult_Other')
