All_items_Child_512_School <- c("q0012", "q0013", "q0015", "q0016", "q0017", "q0020", "q0021", "q0023", "q0024", "q0025", 
                                "q0027", "q0028", "q0030", "q0031", "q0034", "q0035", "q0036", "q0037", "q0038", "q0039", 
                                "q0040", "q0042", "q0045", "q0046", "q0047", "q0049", "q0050", "q0051", "q0052", "q0053", 
                                "q0056", "q0057", "q0058", "q0060", "q0061", "q0063", "q0064", "q0065", "q0066", "q0067", 
                                "q0068", "q0069", "q0072", "q0073", "q0074", "q0075", "q0077", "q0078", "q0079", "q0080", 
                                "q0082", "q0083", "q0084", "q0085", "q0086", "q0087", "q0089", "q0092", "q0093", "q0094", 
                                "q0095", "q0096", "q0097", "q0099", "q0100", "q0101", "q0103", "q0104", "q0107", "q0108", 
                                "q0109", "q0110", "q0112", "q0113", "q0114", "q0115", "q0118", "q0119", "q0120", "q0121")

TOT_items_Child_512_School <- c("q0027", "q0028", "q0030", "q0031", "q0034", "q0035", "q0036", "q0037", "q0038", "q0039", 
                                "q0040", "q0042", "q0045", "q0046", "q0047", "q0049", "q0050", "q0051", "q0052", "q0053", 
                                "q0056", "q0057", "q0058", "q0060", "q0061", "q0063", "q0064", "q0065", "q0066", "q0067", 
                                "q0068", "q0069", "q0072", "q0073", "q0074", "q0075", "q0077", "q0078", "q0079", "q0080", 
                                "q0082", "q0083", "q0084", "q0085", "q0086", "q0087", "q0089", "q0092", "q0093", "q0094", 
                                "q0095", "q0096", "q0097", "q0099", "q0100", "q0101", "q0103", "q0104", "q0107", "q0108")

SOC_items_Child_512_School <- c("q0012", "q0013", "q0015", "q0016", "q0017", "q0020", "q0021", "q0023", "q0024", "q0025")

SOC_rev_items_Child_512_School <- c("q0012", "q0013", "q0015", "q0016", "q0017", "q0020", "q0021", "q0023", "q0024", "q0025")

VIS_items_Child_512_School <- c("q0027", "q0028", "q0030", "q0031", "q0034", "q0035", "q0036", "q0037", "q0038", "q0039")

HEA_items_Child_512_School <- c("q0040", "q0042", "q0045", "q0046", "q0047", "q0049", "q0050", "q0051", "q0052", "q0053")

TOU_items_Child_512_School <- c("q0056", "q0057", "q0058", "q0060", "q0061", "q0063", "q0064", "q0065", "q0066", "q0067")

TS_items_Child_512_School <- c("q0068", "q0069", "q0072", "q0073", "q0074", "q0075", "q0077", "q0078", "q0079", "q0080")

BOD_items_Child_512_School <- c("q0082", "q0083", "q0084", "q0085", "q0086", "q0087", "q0089", "q0092", "q0093", "q0094")

BAL_items_Child_512_School <- c("q0095", "q0096", "q0097", "q0099", "q0100", "q0101", "q0103", "q0104", "q0107", "q0108")

PLA_items_Child_512_School <- c("q0109", "q0110", "q0112", "q0113", "q0114", "q0115", "q0118", "q0119", "q0120", "q0121")

score_names <- c("TOT", "SOC", "VIS", "HEA", "TOU", "TS", "BOD", "BAL", "PLA")

scale_order <- c("SOC", "VIS", "HEA", "TOU", 
                 "TS", "BOD", "BAL", "PLA", "TOT")

item_vectors <- c('All_items_Child_512_School', 'TOT_items_Child_512_School', 'SOC_items_Child_512_School', 
                  'SOC_rev_items_Child_512_School', 'VIS_items_Child_512_School', 'HEA_items_Child_512_School',
                  'TOU_items_Child_512_School', 'TS_items_Child_512_School', 'BOD_items_Child_512_School',
                  'BAL_items_Child_512_School', 'PLA_items_Child_512_School')
