All_items_Child_512_School <- c("q0014", "q0015", "q0016", "q0017", "q0018", "q0019", "q0020", "q0021", "q0022", "q0023",
                                "q0027", "q0028", "q0029", "q0030", "q0031", "q0035", "q0036", "q0037", "q0038", "q0039", 
                                "q0040", "q0041", "q0042", "q0043", "q0044", "q0045", "q0046", "q0047", "q0048", "q0050", 
                                "q0053", "q0055", "q0057", "q0058", "q0059", "q0060", "q0061", "q0063", "q0064", "q0065", 
                                "q0068", "q0070", "q0071", "q0072", "q0073", "q0075", "q0076", "q0077", "q0078", "q0079", 
                                "q0081", "q0082", "q0083", "q0084", "q0086", "q0088", "q0089", "q0090", "q0091", "q0092", 
                                "q0095", "q0096", "q0097", "q0098", "q0102", "q0103", "q0105", "q0106", "q0107", "q0108",
                                "q0111", "q0112", "q0113", "q0114", "q0115", "q0116", "q0117", "q0120", "q0121", "q0122")

TOT_items_Child_512_School <- c("q0027", "q0028", "q0029", "q0030", "q0031", "q0035", "q0036", "q0037", "q0038", "q0039", 
                                "q0040", "q0041", "q0042", "q0043", "q0044", "q0045", "q0046", "q0047", "q0048", "q0050", 
                                "q0053", "q0055", "q0057", "q0058", "q0059", "q0060", "q0061", "q0063", "q0064", "q0065", 
                                "q0068", "q0070", "q0071", "q0072", "q0073", "q0075", "q0076", "q0077", "q0078", "q0079", 
                                "q0081", "q0082", "q0083", "q0084", "q0086", "q0088", "q0089", "q0090", "q0091", "q0092", 
                                "q0095", "q0096", "q0097", "q0098", "q0102", "q0103", "q0105", "q0106", "q0107", "q0108")

SOC_items_Child_512_School <- c("q0014", "q0015", "q0016", "q0017", "q0018", "q0019", "q0020", "q0021", "q0022", "q0023")

SOC_rev_items_Child_512_School <- c("q0014", "q0015", "q0016", "q0017", "q0018", "q0019", "q0020", "q0021", "q0022", "q0023")

VIS_items_Child_512_School <- c("q0027", "q0028", "q0029", "q0030", "q0031", "q0035", "q0036", "q0037", "q0038", "q0039")

HEA_items_Child_512_School <- c("q0040", "q0041", "q0042", "q0043", "q0044", "q0045", "q0046", "q0047", "q0048", "q0050")

TOU_items_Child_512_School <- c("q0053", "q0055", "q0057", "q0058", "q0059", "q0060", "q0061", "q0063", "q0064", "q0065")

TS_items_Child_512_School <- c("q0068", "q0070", "q0071", "q0072", "q0073", "q0075", "q0076", "q0077", "q0078", "q0079")

BOD_items_Child_512_School <- c("q0081", "q0082", "q0083", "q0084", "q0086", "q0088", "q0089", "q0090", "q0091", "q0092")

BAL_items_Child_512_School <- c("q0095", "q0096", "q0097", "q0098", "q0102", "q0103", "q0105", "q0106", "q0107", "q0108")

PLA_items_Child_512_School <- c("q0111", "q0112", "q0113", "q0114", "q0115", "q0116", "q0117", "q0120", "q0121", "q0122")

score_names <- c("TOT", "SOC", "VIS", "HEA", "TOU", "TS", "BOD", "BAL", "PLA")

scale_order <- c("SOC", "VIS", "HEA", "TOU", 
                 "TS", "BOD", "BAL", "PLA", "TOT")

item_vectors <- c('All_items_Child_512_School', 'TOT_items_Child_512_School', 'SOC_items_Child_512_School', 
                  'SOC_rev_items_Child_512_School', 'VIS_items_Child_512_School', 'HEA_items_Child_512_School',
                  'TOU_items_Child_512_School', 'TS_items_Child_512_School', 'BOD_items_Child_512_School',
                  'BAL_items_Child_512_School', 'PLA_items_Child_512_School')
