All_items_IT_Caregiver <- c("QT1", "QT2", "QT4", "QT5", "QT6", "QT7", "QT10", "QT11", "QT12", "QT13", "QT14", "QT15", 
                            "QT17", "QT18", "QT19", "QT20", "QT21", "QT23", "QT25", "QT26", "QT27", "QT28", "QT30", 
                            "QT31", "QT32", "QT33", "QT34", "QT35", "QT37", "QT39", "QT41", "QT43", "QT45", "QT46", 
                            "QT47", "QT48", "QT49", "QT50", "QT51", "QT54", "QT55", "QT56", "QT57", "QT60", "QT62", 
                            "QT65", "QT66", "QT67", "QT68", "QT69", "QT71", "QT72", "QT73", "QT74", "QT75", "QT76", 
                            "QT77", "QT78", "QT79", "QT81", "QT83", "QT85", "QT86", "QT87", "QT89", "QT91", "QT92", 
                            "QT93", "QT94", "QT95", "QT96", "QT97", "QT98", "QT100", "QT101", "QT103", "QT105", 
                            "QT106", "QT107", "QT108")


TOT_items_IT_Caregiver <- c("QT14", "QT15", 
                            "QT17", "QT18", "QT19", "QT20", "QT21", "QT23", "QT25", "QT26", "QT27", "QT28", "QT30", 
                            "QT31", "QT32", "QT33", "QT34", "QT35", "QT37", "QT39", "QT41", "QT43", "QT45", "QT46", 
                            "QT47", "QT48", "QT49", "QT50", "QT51", "QT54", "QT55", "QT56", "QT57", "QT60", "QT62", 
                            "QT65", "QT66", "QT67", "QT68", "QT69", "QT71", "QT72", "QT73", "QT74", "QT75", "QT76", 
                            "QT77", "QT78", "QT79", "QT81", "QT83", "QT85", "QT86", "QT87", "QT89", "QT91", "QT92", 
                            "QT93", "QT94", "QT95")

SOC_items_IT_Caregiver <- c("QT1", "QT2", "QT4", "QT5", "QT6", "QT7", "QT10", "QT11", "QT12", "QT13")

SOC_rev_items_IT_Caregiver <- c("QT1", "QT2", "QT4", "QT5", "QT6", "QT7")

VIS_items_IT_Caregiver <- c("QT14", "QT15", "QT17", "QT18", "QT19", "QT20", "QT21", "QT23", "QT25", "QT26")

HEA_items_IT_Caregiver <- c("QT27", "QT28", "QT30", "QT31", "QT32", "QT33", "QT34", "QT35", "QT37", "QT39")

TOU_items_IT_Caregiver <- c("QT41", "QT43", "QT45", "QT46", "QT47", "QT48", "QT49", "QT50", "QT51", "QT54")

TS_items_IT_Caregiver <- c("QT55", "QT56", "QT57", "QT60", "QT62", "QT65", "QT66", "QT67", "QT68", "QT69")

BOD_items_IT_Caregiver <- c("QT71", "QT72", "QT73", "QT74", "QT75", "QT76", "QT77", "QT78", "QT79", "QT81")

BAL_items_IT_Caregiver <- c("QT83", "QT85", "QT86", "QT87", "QT89", "QT91", "QT92", "QT93", "QT94", "QT95")

PLA_items_IT_Caregiver <- c("QT96", "QT97", "QT98", "QT100", "QT101", "QT103", "QT105", "QT106", "QT107", "QT108")

score_names <- c("TOT", "SOC", "VIS", "HEA", "TOU", "TS", "BOD", "BAL", "PLA")
