All_items_Preschool_25_Home <- c("q0014", "q0015", "q0016", "q0017", "q0019", "q0020", "q0023", "q0024", "q0025", "q0026", 
                                 "q0027", "q0028", "q0030", "q0031", "q0032", "q0033", "q0035", "q0036", "q0037", "q0038", 
                                 "q0040", "q0041", "q0044", "q0045", "q0046", "q0047", "q0048", "q0049", "q0050", "q0052", 
                                 "q0053", "q0054", "q0055", "q0058", "q0059", "q0061", "q0062", "q0063", "q0064", "q0065", 
                                 "q0067", "q0068", "q0070", "q0072", "q0073", "q0074", "q0075", "q0076", "q0077", "q0079", 
                                 "q0081", "q0082", "q0083", "q0084", "q0085", "q0086", "q0087", "q0088", "q0089", "q0091", 
                                 "q0093", "q0094", "q0095", "q0096", "q0098", "q0099", "q0101", "q0102", "q0103", "q0105", 
                                 "q0107", "q0108", "q0110", "q0111", "q0112", "q0113", "q0114", "q0116", "q0118", "q0119")

TOT_items_Preschool_25_Home <- c("q0027", "q0028", "q0030", "q0031", "q0032", "q0033", "q0035", "q0036", "q0037", "q0038", 
                                 "q0040", "q0041", "q0044", "q0045", "q0046", "q0047", "q0048", "q0049", "q0050", "q0052", 
                                 "q0053", "q0054", "q0055", "q0058", "q0059", "q0061", "q0062", "q0063", "q0064", "q0065", 
                                 "q0067", "q0068", "q0070", "q0072", "q0073", "q0074", "q0075", "q0076", "q0077", "q0079", 
                                 "q0081", "q0082", "q0083", "q0084", "q0085", "q0086", "q0087", "q0088", "q0089", "q0091", 
                                 "q0093", "q0094", "q0095", "q0096", "q0098", "q0099", "q0101", "q0102", "q0103", "q0105")

SOC_items_Preschool_25_Home <- c("q0014", "q0015", "q0016", "q0017", "q0019", "q0020", "q0023", "q0024", "q0025", "q0026")

SOC_rev_items_Preschool_25_Home <- c("q0014", "q0015", "q0016", "q0017", "q0019", "q0020", "q0023", "q0024", "q0025", "q0026")

VIS_items_Preschool_25_Home <- c("q0027", "q0028", "q0030", "q0031", "q0032", "q0033", "q0035", "q0036", "q0037", "q0038")

HEA_items_Preschool_25_Home <- c("q0040", "q0041", "q0044", "q0045", "q0046", "q0047", "q0048", "q0049", "q0050", "q0052")

TOU_items_Preschool_25_Home <- c("q0053", "q0054", "q0055", "q0058", "q0059", "q0061", "q0062", "q0063", "q0064", "q0065")

TS_items_Preschool_25_Home <- c("q0067", "q0068", "q0070", "q0072", "q0073", "q0074", "q0075", "q0076", "q0077", "q0079")

BOD_items_Preschool_25_Home <- c("q0081", "q0082", "q0083", "q0084", "q0085", "q0086", "q0087", "q0088", "q0089", "q0091")

BAL_items_Preschool_25_Home <- c("q0093", "q0094", "q0095", "q0096", "q0098", "q0099", "q0101", "q0102", "q0103", "q0105")

PLA_items_Preschool_25_Home <- c("q0107", "q0108", "q0110", "q0111", "q0112", "q0113", "q0114", "q0116", "q0118", "q0119")

score_names <- c("TOT", "SOC", "VIS", "HEA", "TOU", "TS", "BOD", "BAL", "PLA")
