All_items_Teen_1221_School <- c("q0012", "q0013", "q0014", "q0018", "q0019", "q0020", "q0021", "q0022", "q0023", "q0024", 
                                "q0025", "q0026", "q0028", "q0029", "q0031", "q0033", "q0034", "q0035", "q0036", "q0037", 
                                "q0038", "q0039", "q0040", "q0041", "q0044", "q0045", "q0046", "q0047", "q0048", "q0049", 
                                "q0052", "q0053", "q0055", "q0056", "q0057", "q0059", "q0060", "q0061", "q0062", "q0063", 
                                "q0064", "q0065", "q0066", "q0067", "q0068", "q0071", "q0072", "q0074", "q0075", "q0076", 
                                "q0077", "q0078", "q0079", "q0080", "q0081", "q0082", "q0083", "q0084", "q0086", "q0089", 
                                "q0090", "q0092", "q0093", "q0094", "q0096", "q0097", "q0098", "q0099", "q0100", "q0102",
                                "q0103", "q0104", "q0105", "q0106", "q0107", "q0108", "q0112", "q0113", "q0115", "q0116")

TOT_items_Teen_1221_School <- c("q0025", "q0026", "q0028", "q0029", "q0031", "q0033", "q0034", "q0035", "q0036", "q0037", 
                                "q0038", "q0039", "q0040", "q0041", "q0044", "q0045", "q0046", "q0047", "q0048", "q0049", 
                                "q0052", "q0053", "q0055", "q0056", "q0057", "q0059", "q0060", "q0061", "q0062", "q0063", 
                                "q0064", "q0065", "q0066", "q0067", "q0068", "q0071", "q0072", "q0074", "q0075", "q0076", 
                                "q0077", "q0078", "q0079", "q0080", "q0081", "q0082", "q0083", "q0084", "q0086", "q0089", 
                                "q0090", "q0092", "q0093", "q0094", "q0096", "q0097", "q0098", "q0099", "q0100", "q0102")

SOC_items_Teen_1221_School <- c("q0012", "q0013", "q0014", "q0018", "q0019", "q0020", "q0021", "q0022", "q0023", "q0024")

SOC_rev_items_Teen_1221_School <- c("q0012", "q0013", "q0014", "q0018", "q0019", "q0020", "q0021", "q0022", "q0023")

VIS_items_Teen_1221_School <- c("q0025", "q0026", "q0028", "q0029", "q0031", "q0033", "q0034", "q0035", "q0036", "q0037")

HEA_items_Teen_1221_School <- c("q0038", "q0039", "q0040", "q0041", "q0044", "q0045", "q0046", "q0047", "q0048", "q0049")

TOU_items_Teen_1221_School <- c("q0052", "q0053", "q0055", "q0056", "q0057", "q0059", "q0060", "q0061", "q0062", "q0063")

TS_items_Teen_1221_School <- c("q0064", "q0065", "q0066", "q0067", "q0068", "q0071", "q0072", "q0074", "q0075", "q0076")

BOD_items_Teen_1221_School <- c("q0077", "q0078", "q0079", "q0080", "q0081", "q0082", "q0083", "q0084", "q0086", "q0089")

BAL_items_Teen_1221_School <- c("q0090", "q0092", "q0093", "q0094", "q0096", "q0097", "q0098", "q0099", "q0100", "q0102")

PLA_items_Teen_1221_School <- c("q0103", "q0104", "q0105", "q0106", "q0107", "q0108", "q0112", "q0113", "q0115", "q0116")

score_names <- c("TOT", "SOC", "VIS", "HEA", "TOU", "TS", "BOD", "BAL", "PLA")

scale_order <- c("SOC", "VIS", "HEA", "TOU", 
                 "TS", "BOD", "BAL", "PLA", "TOT")

item_vectors <- c('All_items_Teen_1221_School', 'TOT_items_Teen_1221_School', 'SOC_items_Teen_1221_School', 
                  'SOC_rev_items_Teen_1221_School', 'VIS_items_Teen_1221_School', 'HEA_items_Teen_1221_School',
                  'TOU_items_Teen_1221_School', 'TS_items_Teen_1221_School', 'BOD_items_Teen_1221_School',
                  'BAL_items_Teen_1221_School', 'PLA_items_Teen_1221_School')
