All_items_Teen_1221_Self <- c("q0014", "q0015", "q0016", "q0017", "q0019", "q0020", "q0021", "q0022", "q0024", "q0025", 
                              "q0027", "q0028", "q0029", "q0030", "q0031", "q0032", "q0033", "q0036", "q0037", "q0038", 
                              "q0040", "q0042", "q0043", "q0044", "q0045", "q0047", "q0049", "q0050", "q0051", "q0052", 
                              "q0053", "q0054", "q0056", "q0058", "q0059", "q0060", "q0061", "q0062", "q0063", "q0064", 
                              "q0066", "q0067", "q0070", "q0072", "q0073", "q0074", "q0075", "q0076", "q0077", "q0078", 
                              "q0079", "q0080", "q0081", "q0082", "q0083", "q0084", "q0085", "q0086", "q0088", "q0090", 
                              "q0092", "q0094", "q0095", "q0096", "q0097", "q0099", "q0100", "q0103", "q0104", "q0105",
                              "q0106", "q0107", "q0108", "q0109", "q0110", "q0112", "q0114", "q0115", "q0116", "q0117")

TOT_items_Teen_1221_Self <- c("q0027", "q0028", "q0029", "q0030", "q0031", "q0032", "q0033", "q0036", "q0037", "q0038", 
                              "q0040", "q0042", "q0043", "q0044", "q0045", "q0047", "q0049", "q0050", "q0051", "q0052", 
                              "q0053", "q0054", "q0056", "q0058", "q0059", "q0060", "q0061", "q0062", "q0063", "q0064", 
                              "q0066", "q0067", "q0070", "q0072", "q0073", "q0074", "q0075", "q0076", "q0077", "q0078", 
                              "q0079", "q0080", "q0081", "q0082", "q0083", "q0084", "q0085", "q0086", "q0088", "q0090", 
                              "q0092", "q0094", "q0095", "q0096", "q0097", "q0099", "q0100", "q0103", "q0104", "q0105")

SOC_items_Teen_1221_Self <- c("q0014", "q0015", "q0016", "q0017", "q0019", "q0020", "q0021", "q0022", "q0024", "q0025")

SOC_rev_items_Teen_1221_Self <- c("q0014", "q0015", "q0016", "q0017", "q0021")

VIS_items_Teen_1221_Self <- c("q0027", "q0028", "q0029", "q0030", "q0031", "q0032", "q0033", "q0036", "q0037", "q0038")

HEA_items_Teen_1221_Self <- c("q0040", "q0042", "q0043", "q0044", "q0045", "q0047", "q0049", "q0050", "q0051", "q0052")

TOU_items_Teen_1221_Self <- c("q0053", "q0054", "q0056", "q0058", "q0059", "q0060", "q0061", "q0062", "q0063", "q0064")

TS_items_Teen_1221_Self <- c("q0066", "q0067", "q0070", "q0072", "q0073", "q0074", "q0075", "q0076", "q0077", "q0078")

BOD_items_Teen_1221_Self <- c("q0079", "q0080", "q0081", "q0082", "q0083", "q0084", "q0085", "q0086", "q0088", "q0090")

BAL_items_Teen_1221_Self <- c("q0092", "q0094", "q0095", "q0096", "q0097", "q0099", "q0100", "q0103", "q0104", "q0105")

PLA_items_Teen_1221_Self <- c("q0106", "q0107", "q0108", "q0109", "q0110", "q0112", "q0114", "q0115", "q0116", "q0117")

score_names <- c("TOT", "SOC", "VIS", "HEA", "TOU", "TS", "BOD", "BAL", "PLA")
