All_items_Teen_1221_Home <- c("q0015", "q0016", "q0017", "q0018", "q0019", "q0021", "q0022", "q0024", "q0025", "q0026", 
                              "q0028", "q0029", "q0030", "q0031", "q0033", "q0034", "q0035", "q0036", "q0037", "q0040", 
                              "q0041", "q0042", "q0043", "q0044", "q0047", "q0048", "q0049", "q0050", "q0052", "q0053", 
                              "q0055", "q0056", "q0057", "q0058", "q0059", "q0061", "q0062", "q0063", "q0064", "q0065", 
                              "q0067", "q0068", "q0069", "q0071", "q0072", "q0074", "q0076", "q0077", "q0078", "q0079", 
                              "q0080", "q0082", "q0083", "q0084", "q0085", "q0086", "q0087", "q0089", "q0091", "q0092", 
                              "q0094", "q0095", "q0096", "q0097", "q0098", "q0099", "q0100", "q0102", "q0103", "q0104",
                              "q0106", "q0107", "q0108", "q0109", "q0111", "q0112", "q0113", "q0114", "q0115", "q0117")

TOT_items_Teen_1221_Home <- c("q0028", "q0029", "q0030", "q0031", "q0033", "q0034", "q0035", "q0036", "q0037", "q0040", 
                              "q0041", "q0042", "q0043", "q0044", "q0047", "q0048", "q0049", "q0050", "q0052", "q0053", 
                              "q0055", "q0056", "q0057", "q0058", "q0059", "q0061", "q0062", "q0063", "q0064", "q0065", 
                              "q0067", "q0068", "q0069", "q0071", "q0072", "q0074", "q0076", "q0077", "q0078", "q0079", 
                              "q0080", "q0082", "q0083", "q0084", "q0085", "q0086", "q0087", "q0089", "q0091", "q0092", 
                              "q0094", "q0095", "q0096", "q0097", "q0098", "q0099", "q0100", "q0102", "q0103", "q0104")

SOC_items_Teen_1221_Home <- c("q0015", "q0016", "q0017", "q0018", "q0019", "q0021", "q0022", "q0024", "q0025", "q0026")

SOC_rev_items_Teen_1221_Home <- c("q0015", "q0016", "q0017", "q0021", "q0022")

VIS_items_Teen_1221_Home <- c("q0028", "q0029", "q0030", "q0031", "q0033", "q0034", "q0035", "q0036", "q0037", "q0040")

HEA_items_Teen_1221_Home <- c("q0041", "q0042", "q0043", "q0044", "q0047", "q0048", "q0049", "q0050", "q0052", "q0053")

TOU_items_Teen_1221_Home <- c("q0055", "q0056", "q0057", "q0058", "q0059", "q0061", "q0062", "q0063", "q0064", "q0065")

TS_items_Teen_1221_Home <- c("q0067", "q0068", "q0069", "q0071", "q0072", "q0074", "q0076", "q0077", "q0078", "q0079")

BOD_items_Teen_1221_Home <- c("q0080", "q0082", "q0083", "q0084", "q0085", "q0086", "q0087", "q0089", "q0091", "q0092")

BAL_items_Teen_1221_Home <- c("q0094", "q0095", "q0096", "q0097", "q0098", "q0099", "q0100", "q0102", "q0103", "q0104")

PLA_items_Teen_1221_Home <- c("q0106", "q0107", "q0108", "q0109", "q0111", "q0112", "q0113", "q0114", "q0115", "q0117")

score_names <- c("TOT", "SOC", "VIS", "HEA", "TOU", "TS", "BOD", "BAL", "PLA")

scale_order <- c("SOC", "VIS", "HEA", "TOU", 
                 "TS", "BOD", "BAL", "PLA", "TOT")

item_vectors <- c('All_items_Teen_1221_Home', 'TOT_items_Teen_1221_Home', 'SOC_items_Teen_1221_Home', 
                  'SOC_rev_items_Teen_1221_Home', 'VIS_items_Teen_1221_Home', 'HEA_items_Teen_1221_Home',
                  'TOU_items_Teen_1221_Home', 'TS_items_Teen_1221_Home', 'BOD_items_Teen_1221_Home',
                  'BAL_items_Teen_1221_Home', 'PLA_items_Teen_1221_Home')
