IT_49_names_item_cols_shared_with_IT_1030 <- c(
'q0010', 'q0013', 'q0016', 'q0017', 'q0019', 'q0023', 'q0026', 'q0028', 'q0029', 'q0031', 'q0032', 
'q0035', 'q0037', 'q0038', 'q0039', 'q0042', 'q0044', 'q0045', 'q0046', 'q0053', 'q0055', 'q0057', 'q0063', 
'q0066', 'q0070', 'q0072', 'q0073', 'q0075', 'q0076', 'q0077', 'q0078', 'q0080', 'q0081', 'q0083', 'q0085', 
'q0088', 'q0090', 'q0098', 'q0100', 'q0101', 'q0102', 'q0109', 'q0113', 'q0116', 'q0118', 'q0119'
)

IT_1030_names_item_cols_shared_with_IT_49 <- c(
  'q0011', 'q0016', 'q0012', 'q0014', 'q0015', 'q0019', 'q0024', 'q0032', 'q0036', 'q0027', 'q0028', 
  'q0034', 'q0035', 'q0025', 'q0037', 'q0039', 'q0041', 'q0042', 'q0046', 'q0052', 'q0054', 'q0056', 
  'q0066', 'q0068', 'q0077', 'q0075', 'q0069', 'q0079', 'q0080', 'q0081', 'q0082', 'q0086', 'q0088', 
  'q0098', 'q0087', 'q0091', 'q0095', 'q0102', 'q0104', 'q0105', 'q0107', 'q0114', 'q0119', 'q0122', 
  'q0124', 'q0125'
)
