TOT_items_IT_49_Caregiver <- c("q0123", "q0124", "q0126", "q0127", "q0128", "q0129", "q0132", "q0133", "q0134", "q0135", 
                               "q0136", "q0137", "q0139", "q0140", "q0141", "q0142", "q0143", "q0145", "q0147", "q0148", 
                               "q0149", "q0150", "q0152", "q0153", "q0154", "q0155", "q0156", "q0157", "q0159", "q0161", 
                               "q0163", "q0165", "q0167", "q0168", "q0169", "q0170", "q0171", "q0172", "q0173", "q0176", 
                               "q0177", "q0178", "q0179", "q0182", "q0184", "q0187", "q0188", "q0189", "q0190", "q0191", 
                               "q0193", "q0194", "q0195", "q0196", "q0197", "q0198", "q0199", "q0200", "q0201", "q0203", 
                               "q0205", "q0207", "q0208", "q0209", "q0211", "q0213", "q0214", "q0215", "q0216", "q0217", 
                               "q0218", "q0219", "q0220", "q0222", "q0223", "q0225", "q0227", "q0228", "q0229", "q0230")

SOC_items_IT_49_Caregiver <- c("q0123", "q0124", "q0126", "q0127", "q0128", "q0129", "q0132", "q0133", "q0134", "q0135")

SOC_rev_items_IT_49_Caregiver <- c("q0123", "q0124", "q0126", "q0127", "q0128", "q0129")

VIS_items_IT_49_Caregiver <- c("q0136", "q0137", "q0139", "q0140", "q0141", "q0142", "q0143", "q0145", "q0147", "q0148")

HEA_items_IT_49_Caregiver <- c("q0149", "q0150", "q0152", "q0153", "q0154", "q0155", "q0156", "q0157", "q0159", "q0161")

TOU_items_IT_49_Caregiver <- c("q0163", "q0165", "q0167", "q0168", "q0169", "q0170", "q0171", "q0172", "q0173", "q0176")

TS_items_IT_49_Caregiver <- c("q0177", "q0178", "q0179", "q0182", "q0184", "q0187", "q0188", "q0189", "q0190", "q0191")

BOD_items_IT_49_Caregiver <- c("q0193", "q0194", "q0195", "q0196", "q0197", "q0198", "q0199", "q0200", "q0201", "q0203")

BAL_items_IT_49_Caregiver <- c("q0205", "q0207", "q0208", "q0209", "q0211", "q0213", "q0214", "q0215", "q0216", "q0217")

PLA_items_IT_49_Caregiver <- c("q0218", "q0219", "q0220", "q0222", "q0223", "q0225", "q0227", "q0228", "q0229", "q0230")
